May 29 20:49:00.881115 kernel: Linux version 5.14.0-570.55.1.el9_6.x86_64 (mockbuild@x86-64-04.build.eng.rdu2.redhat.com) (gcc (GCC) 11.5.0 20240719 (Red Hat 11.5.0-5), GNU ld version 2.35.2-63.el9) #1 SMP PREEMPT_DYNAMIC Tue Oct 14 01:03:55 EDT 2025
May 29 20:49:00.881128 kernel: The list of certified hardware and cloud instances for Red Hat Enterprise Linux 9 can be viewed at the Red Hat Ecosystem Catalog, https://catalog.redhat.com.
May 29 20:49:00.881132 kernel: Command line: BOOT_IMAGE=(hd0,gpt3)/boot/ostree/rhcos-617b0e78715ed36bc2244f65434be3f79c4e5cc41b856cce9de411575dfca7bd/vmlinuz-5.14.0-570.55.1.el9_6.x86_64 rw ignition.firstboot ostree=/ostree/boot.1/rhcos/617b0e78715ed36bc2244f65434be3f79c4e5cc41b856cce9de411575dfca7bd/0 ignition.platform.id=aws console=tty0 console=ttyS0,115200n8
May 29 20:49:00.881135 kernel: BIOS-provided physical RAM map:
May 29 20:49:00.881138 kernel: BIOS-e820: [mem 0x0000000000000000-0x000000000009fbff] usable
May 29 20:49:00.881140 kernel: BIOS-e820: [mem 0x000000000009fc00-0x000000000009ffff] reserved
May 29 20:49:00.881143 kernel: BIOS-e820: [mem 0x00000000000f0000-0x00000000000fffff] reserved
May 29 20:49:00.881145 kernel: BIOS-e820: [mem 0x0000000000100000-0x00000000bffe7fff] usable
May 29 20:49:00.881148 kernel: BIOS-e820: [mem 0x00000000bffe8000-0x00000000bfffffff] reserved
May 29 20:49:00.881150 kernel: BIOS-e820: [mem 0x00000000e0000000-0x00000000e03fffff] reserved
May 29 20:49:00.881152 kernel: BIOS-e820: [mem 0x00000000fffc0000-0x00000000ffffffff] reserved
May 29 20:49:00.881154 kernel: BIOS-e820: [mem 0x0000000100000000-0x000000042b3fffff] usable
May 29 20:49:00.881156 kernel: BIOS-e820: [mem 0x000000042b400000-0x000000043fffffff] reserved
May 29 20:49:00.881159 kernel: BIOS-e820: [mem 0x0000000440100000-0x0000000442bfffff] reserved
May 29 20:49:00.881161 kernel: NX (Execute Disable) protection: active
May 29 20:49:00.881163 kernel: APIC: Static calls initialized
May 29 20:49:00.881166 kernel: SMBIOS 2.7 present.
May 29 20:49:00.881168 kernel: DMI: Amazon EC2 m8a.xlarge/, BIOS 1.0 10/16/2017
May 29 20:49:00.881170 kernel: Hypervisor detected: KVM
May 29 20:49:00.881172 kernel: kvm-clock: Using msrs 4b564d01 and 4b564d00
May 29 20:49:00.881175 kernel: kvm-clock: using sched offset of 29966142270 cycles
May 29 20:49:00.881177 kernel: clocksource: kvm-clock: mask: 0xffffffffffffffff max_cycles: 0x1cd42e4dffb, max_idle_ns: 881590591483 ns
May 29 20:49:00.881180 kernel: tsc: Detected 2599.998 MHz processor
May 29 20:49:00.881182 kernel: e820: update [mem 0x00000000-0x00000fff] usable ==> reserved
May 29 20:49:00.881185 kernel: e820: remove [mem 0x000a0000-0x000fffff] usable
May 29 20:49:00.881187 kernel: last_pfn = 0x42b400 max_arch_pfn = 0x400000000
May 29 20:49:00.881189 kernel: MTRR map: 4 entries (3 fixed + 1 variable; max 19), built from 8 variable MTRRs
May 29 20:49:00.881192 kernel: x86/PAT: Configuration [0-7]: WB  WC  UC- UC  WB  WP  UC- WT  
May 29 20:49:00.881194 kernel: last_pfn = 0xbffe8 max_arch_pfn = 0x400000000
May 29 20:49:00.881196 kernel: Using GB pages for direct mapping
May 29 20:49:00.881199 kernel: RAMDISK: [mem 0x2b47b000-0x31a35fff]
May 29 20:49:00.881201 kernel: ACPI: Early table checksum verification disabled
May 29 20:49:00.881204 kernel: ACPI: RSDP 0x00000000000F8F00 000014 (v00 AMAZON)
May 29 20:49:00.881206 kernel: ACPI: RSDT 0x00000000BFFECC40 000048 (v01 AMAZON AMZNRSDT 00000001 AMZN 00000001)
May 29 20:49:00.881209 kernel: ACPI: WAET 0x00000000BFFEFFC0 000028 (v01 AMAZON AMZNWAET 00000001 AMZN 00000001)
May 29 20:49:00.881211 kernel: ACPI: SLIT 0x00000000BFFEFF40 00006C (v01 AMAZON AMZNSLIT 00000001 AMZN 00000001)
May 29 20:49:00.881213 kernel: ACPI: APIC 0x00000000BFFEFE80 000086 (v01 AMAZON AMZNAPIC 00000001 AMZN 00000001)
May 29 20:49:00.881215 kernel: ACPI: SRAT 0x00000000BFFEFDC0 0000C0 (v01 AMAZON AMZNSRAT 00000001 AMZN 00000001)
May 29 20:49:00.881218 kernel: ACPI: FACP 0x00000000BFFEFC80 000114 (v01 AMAZON AMZNFACP 00000001 AMZN 00000001)
May 29 20:49:00.881220 kernel: ACPI: DSDT 0x00000000BFFEE5C0 00165D (v01 AMAZON AMZNDSDT 00000001 AMZN 00000001)
May 29 20:49:00.881223 kernel: ACPI: FACS 0x00000000000F8EC0 000040
May 29 20:49:00.881226 kernel: ACPI: HPET 0x00000000BFFEFC40 000038 (v01 AMAZON AMZNHPET 00000001 AMZN 00000001)
May 29 20:49:00.881228 kernel: ACPI: SSDT 0x00000000BFFECE40 001756 (v01 AMAZON AMZNSSDT 00000001 AMZN 00000001)
May 29 20:49:00.881230 kernel: ACPI: SSDT 0x00000000BFFECD40 0000D1 (v01 AMAZON AMZNSSDT 00000001 AMZN 00000001)
May 29 20:49:00.881232 kernel: ACPI: MCFG 0x00000000BFFECCC0 00004C (v01 AMAZON AMZNMCFG 00000001 AMZN 00000001)
May 29 20:49:00.881235 kernel: ACPI: Reserving WAET table memory at [mem 0xbffeffc0-0xbffeffe7]
May 29 20:49:00.881238 kernel: ACPI: Reserving SLIT table memory at [mem 0xbffeff40-0xbffeffab]
May 29 20:49:00.881240 kernel: ACPI: Reserving APIC table memory at [mem 0xbffefe80-0xbffeff05]
May 29 20:49:00.881242 kernel: ACPI: Reserving SRAT table memory at [mem 0xbffefdc0-0xbffefe7f]
May 29 20:49:00.881244 kernel: ACPI: Reserving FACP table memory at [mem 0xbffefc80-0xbffefd93]
May 29 20:49:00.881246 kernel: ACPI: Reserving DSDT table memory at [mem 0xbffee5c0-0xbffefc1c]
May 29 20:49:00.881249 kernel: ACPI: Reserving FACS table memory at [mem 0xf8ec0-0xf8eff]
May 29 20:49:00.881251 kernel: ACPI: Reserving HPET table memory at [mem 0xbffefc40-0xbffefc77]
May 29 20:49:00.881253 kernel: ACPI: Reserving SSDT table memory at [mem 0xbffece40-0xbffee595]
May 29 20:49:00.881255 kernel: ACPI: Reserving SSDT table memory at [mem 0xbffecd40-0xbffece10]
May 29 20:49:00.881257 kernel: ACPI: Reserving MCFG table memory at [mem 0xbffeccc0-0xbffecd0b]
May 29 20:49:00.881260 kernel: SRAT: PXM 0 -> APIC 0x00 -> Node 0
May 29 20:49:00.881262 kernel: SRAT: PXM 0 -> APIC 0x01 -> Node 0
May 29 20:49:00.881264 kernel: SRAT: PXM 0 -> APIC 0x02 -> Node 0
May 29 20:49:00.881266 kernel: SRAT: PXM 0 -> APIC 0x03 -> Node 0
May 29 20:49:00.881269 kernel: ACPI: SRAT: Node 0 PXM 0 [mem 0x00000000-0xbfffffff]
May 29 20:49:00.881271 kernel: ACPI: SRAT: Node 0 PXM 0 [mem 0x100000000-0x43fffffff]
May 29 20:49:00.881274 kernel: NUMA: Initialized distance table, cnt=1
May 29 20:49:00.881276 kernel: NUMA: Node 0 [mem 0x00000000-0xbfffffff] + [mem 0x100000000-0x42b3fffff] -> [mem 0x00000000-0x42b3fffff]
May 29 20:49:00.881278 kernel: NODE_DATA(0) allocated [mem 0x42b3d4000-0x42b3fefff]
May 29 20:49:00.881280 kernel: Zone ranges:
May 29 20:49:00.881283 kernel:   DMA      [mem 0x0000000000001000-0x0000000000ffffff]
May 29 20:49:00.881285 kernel:   DMA32    [mem 0x0000000001000000-0x00000000ffffffff]
May 29 20:49:00.881287 kernel:   Normal   [mem 0x0000000100000000-0x000000042b3fffff]
May 29 20:49:00.881289 kernel:   Device   empty
May 29 20:49:00.881292 kernel: Movable zone start for each node
May 29 20:49:00.881294 kernel: Early memory node ranges
May 29 20:49:00.881297 kernel:   node   0: [mem 0x0000000000001000-0x000000000009efff]
May 29 20:49:00.881299 kernel:   node   0: [mem 0x0000000000100000-0x00000000bffe7fff]
May 29 20:49:00.881301 kernel:   node   0: [mem 0x0000000100000000-0x000000042b3fffff]
May 29 20:49:00.881303 kernel: Initmem setup node 0 [mem 0x0000000000001000-0x000000042b3fffff]
May 29 20:49:00.881306 kernel: On node 0, zone DMA: 1 pages in unavailable ranges
May 29 20:49:00.881308 kernel: On node 0, zone DMA: 97 pages in unavailable ranges
May 29 20:49:00.881310 kernel: On node 0, zone Normal: 24 pages in unavailable ranges
May 29 20:49:00.881312 kernel: On node 0, zone Normal: 19456 pages in unavailable ranges
May 29 20:49:00.881315 kernel: ACPI: PM-Timer IO Port: 0xb008
May 29 20:49:00.881317 kernel: ACPI: LAPIC_NMI (acpi_id[0xff] dfl dfl lint[0x1])
May 29 20:49:00.881319 kernel: IOAPIC[0]: apic_id 0, version 32, address 0xfec00000, GSI 0-23
May 29 20:49:00.881321 kernel: ACPI: INT_SRC_OVR (bus 0 bus_irq 5 global_irq 5 high level)
May 29 20:49:00.881324 kernel: ACPI: INT_SRC_OVR (bus 0 bus_irq 9 global_irq 9 high level)
May 29 20:49:00.881327 kernel: ACPI: INT_SRC_OVR (bus 0 bus_irq 10 global_irq 10 high level)
May 29 20:49:00.881329 kernel: ACPI: INT_SRC_OVR (bus 0 bus_irq 11 global_irq 11 high level)
May 29 20:49:00.881331 kernel: ACPI: Using ACPI (MADT) for SMP configuration information
May 29 20:49:00.881333 kernel: ACPI: HPET id: 0x8086a201 base: 0xfed00000
May 29 20:49:00.881336 kernel: CPU topo: Max. logical packages:   1
May 29 20:49:00.881338 kernel: CPU topo: Max. logical dies:       1
May 29 20:49:00.881340 kernel: CPU topo: Max. dies per package:   1
May 29 20:49:00.881342 kernel: CPU topo: Max. threads per core:   1
May 29 20:49:00.881345 kernel: CPU topo: Num. cores per package:     4
May 29 20:49:00.881347 kernel: CPU topo: Num. threads per package:   4
May 29 20:49:00.881349 kernel: CPU topo: Allowing 4 present CPUs plus 0 hotplug CPUs
May 29 20:49:00.881351 kernel: kvm-guest: APIC: eoi() replaced with kvm_guest_apic_eoi_write()
May 29 20:49:00.881354 kernel: PM: hibernation: Registered nosave memory: [mem 0x00000000-0x00000fff]
May 29 20:49:00.881356 kernel: PM: hibernation: Registered nosave memory: [mem 0x0009f000-0x0009ffff]
May 29 20:49:00.881359 kernel: PM: hibernation: Registered nosave memory: [mem 0x000a0000-0x000effff]
May 29 20:49:00.881361 kernel: PM: hibernation: Registered nosave memory: [mem 0x000f0000-0x000fffff]
May 29 20:49:00.881363 kernel: PM: hibernation: Registered nosave memory: [mem 0xbffe8000-0xbfffffff]
May 29 20:49:00.881366 kernel: PM: hibernation: Registered nosave memory: [mem 0xc0000000-0xdfffffff]
May 29 20:49:00.881368 kernel: PM: hibernation: Registered nosave memory: [mem 0xe0000000-0xe03fffff]
May 29 20:49:00.881370 kernel: PM: hibernation: Registered nosave memory: [mem 0xe0400000-0xfffbffff]
May 29 20:49:00.881372 kernel: PM: hibernation: Registered nosave memory: [mem 0xfffc0000-0xffffffff]
May 29 20:49:00.881374 kernel: [mem 0xc0000000-0xdfffffff] available for PCI devices
May 29 20:49:00.881377 kernel: Booting paravirtualized kernel on KVM
May 29 20:49:00.881379 kernel: clocksource: refined-jiffies: mask: 0xffffffff max_cycles: 0xffffffff, max_idle_ns: 1910969940391419 ns
May 29 20:49:00.881381 kernel: setup_percpu: NR_CPUS:8192 nr_cpumask_bits:4 nr_cpu_ids:4 nr_node_ids:1
May 29 20:49:00.881384 kernel: percpu: Embedded 64 pages/cpu s225280 r8192 d28672 u524288
May 29 20:49:00.881386 kernel: pcpu-alloc: s225280 r8192 d28672 u524288 alloc=1*2097152
May 29 20:49:00.881389 kernel: pcpu-alloc: [0] 0 1 2 3 
May 29 20:49:00.881391 kernel: kvm-guest: PV spinlocks enabled
May 29 20:49:00.881393 kernel: PV qspinlock hash table entries: 256 (order: 0, 4096 bytes, linear)
May 29 20:49:00.881396 kernel: Kernel command line: BOOT_IMAGE=(hd0,gpt3)/boot/ostree/rhcos-617b0e78715ed36bc2244f65434be3f79c4e5cc41b856cce9de411575dfca7bd/vmlinuz-5.14.0-570.55.1.el9_6.x86_64 rw ignition.firstboot ostree=/ostree/boot.1/rhcos/617b0e78715ed36bc2244f65434be3f79c4e5cc41b856cce9de411575dfca7bd/0 ignition.platform.id=aws console=tty0 console=ttyS0,115200n8
May 29 20:49:00.881398 kernel: Unknown kernel command line parameters "BOOT_IMAGE=(hd0,gpt3)/boot/ostree/rhcos-617b0e78715ed36bc2244f65434be3f79c4e5cc41b856cce9de411575dfca7bd/vmlinuz-5.14.0-570.55.1.el9_6.x86_64 ostree=/ostree/boot.1/rhcos/617b0e78715ed36bc2244f65434be3f79c4e5cc41b856cce9de411575dfca7bd/0", will be passed to user space.
May 29 20:49:00.881401 kernel: random: crng init done
May 29 20:49:00.881405 kernel: Dentry cache hash table entries: 2097152 (order: 12, 16777216 bytes, linear)
May 29 20:49:00.881408 kernel: Inode-cache hash table entries: 1048576 (order: 11, 8388608 bytes, linear)
May 29 20:49:00.881410 kernel: Fallback order for Node 0: 0 
May 29 20:49:00.881412 kernel: Built 1 zonelists, mobility grouping on.  Total pages: 4044824
May 29 20:49:00.881415 kernel: Policy zone: Normal
May 29 20:49:00.881417 kernel: mem auto-init: stack:off, heap alloc:off, heap free:off
May 29 20:49:00.881420 kernel: software IO TLB: area num 4.
May 29 20:49:00.881422 kernel: Memory: 3105712K/16436760K available (16384K kernel code, 5766K rwdata, 13628K rodata, 4044K init, 7384K bss, 510692K reserved, 0K cma-reserved)
May 29 20:49:00.881424 kernel: SLUB: HWalign=64, Order=0-3, MinObjects=0, CPUs=4, Nodes=1
May 29 20:49:00.881427 kernel: ftrace: allocating 49069 entries in 192 pages
May 29 20:49:00.881429 kernel: ftrace: allocated 192 pages with 2 groups
May 29 20:49:00.881431 kernel: Dynamic Preempt: voluntary
May 29 20:49:00.881433 kernel: rcu: Preemptible hierarchical RCU implementation.
May 29 20:49:00.881437 kernel: rcu:         RCU event tracing is enabled.
May 29 20:49:00.881439 kernel: rcu:         RCU restricting CPUs from NR_CPUS=8192 to nr_cpu_ids=4.
May 29 20:49:00.881442 kernel:         Trampoline variant of Tasks RCU enabled.
May 29 20:49:00.881444 kernel:         Rude variant of Tasks RCU enabled.
May 29 20:49:00.881446 kernel:         Tracing variant of Tasks RCU enabled.
May 29 20:49:00.881448 kernel: rcu: RCU calculated value of scheduler-enlistment delay is 100 jiffies.
May 29 20:49:00.881451 kernel: rcu: Adjusting geometry for rcu_fanout_leaf=16, nr_cpu_ids=4
May 29 20:49:00.881453 kernel: RCU Tasks: Setting shift to 2 and lim to 1 rcu_task_cb_adjust=1.
May 29 20:49:00.881455 kernel: RCU Tasks Rude: Setting shift to 2 and lim to 1 rcu_task_cb_adjust=1.
May 29 20:49:00.881458 kernel: RCU Tasks Trace: Setting shift to 2 and lim to 1 rcu_task_cb_adjust=1.
May 29 20:49:00.881460 kernel: NR_IRQS: 524544, nr_irqs: 456, preallocated irqs: 16
May 29 20:49:00.881462 kernel: rcu: srcu_init: Setting srcu_struct sizes based on contention.
May 29 20:49:00.881465 kernel: kfence: initialized - using 2097152 bytes for 255 objects at 0x(____ptrval____)-0x(____ptrval____)
May 29 20:49:00.881467 kernel: Console: colour VGA+ 80x25
May 29 20:49:00.881469 kernel: printk: legacy console [tty0] enabled
May 29 20:49:00.881472 kernel: printk: console [ttyS0] enabled
May 29 20:49:00.881474 kernel: ACPI: Core revision 20230331
May 29 20:49:00.881476 kernel: clocksource: hpet: mask: 0xffffffff max_cycles: 0xffffffff, max_idle_ns: 30580167144 ns
May 29 20:49:00.881479 kernel: APIC: Switch to symmetric I/O mode setup
May 29 20:49:00.881481 kernel: x2apic enabled
May 29 20:49:00.881483 kernel: APIC: Switched APIC routing to: physical x2apic
May 29 20:49:00.881485 kernel: kvm-guest: APIC: send_IPI_mask() replaced with kvm_send_ipi_mask()
May 29 20:49:00.881488 kernel: kvm-guest: APIC: send_IPI_mask_allbutself() replaced with kvm_send_ipi_mask_allbutself()
May 29 20:49:00.881490 kernel: kvm-guest: setup PV IPIs
May 29 20:49:00.881493 kernel: ..TIMER: vector=0x30 apic1=0 pin1=0 apic2=-1 pin2=-1
May 29 20:49:00.881495 kernel: clocksource: tsc-early: mask: 0xffffffffffffffff max_cycles: 0x257a3a7b45f, max_idle_ns: 440795312762 ns
May 29 20:49:00.881497 kernel: Calibrating delay loop (skipped) preset value.. 5199.99 BogoMIPS (lpj=2599998)
May 29 20:49:00.881500 kernel: process: using mwait in idle threads
May 29 20:49:00.881502 kernel: Last level iTLB entries: 4KB 64, 2MB 64, 4MB 32
May 29 20:49:00.881504 kernel: Last level dTLB entries: 4KB 128, 2MB 128, 4MB 64, 1GB 0
May 29 20:49:00.881507 kernel: Spectre V1 : Mitigation: usercopy/swapgs barriers and __user pointer sanitization
May 29 20:49:00.881509 kernel: Spectre V2 : Mitigation: Enhanced / Automatic IBRS
May 29 20:49:00.881511 kernel: Spectre V2 : Spectre v2 / SpectreRSB mitigation: Filling RSB on context switch
May 29 20:49:00.881513 kernel: Spectre V2 : mitigation: Enabling conditional Indirect Branch Prediction Barrier
May 29 20:49:00.881516 kernel: Speculative Store Bypass: Mitigation: Speculative Store Bypass disabled via prctl
May 29 20:49:00.881519 kernel: x86/fpu: Supporting XSAVE feature 0x001: 'x87 floating point registers'
May 29 20:49:00.881521 kernel: x86/fpu: Supporting XSAVE feature 0x002: 'SSE registers'
May 29 20:49:00.881523 kernel: x86/fpu: Supporting XSAVE feature 0x004: 'AVX registers'
May 29 20:49:00.881525 kernel: x86/fpu: Supporting XSAVE feature 0x020: 'AVX-512 opmask'
May 29 20:49:00.881528 kernel: x86/fpu: Supporting XSAVE feature 0x040: 'AVX-512 Hi256'
May 29 20:49:00.881530 kernel: x86/fpu: Supporting XSAVE feature 0x080: 'AVX-512 ZMM_Hi256'
May 29 20:49:00.881532 kernel: x86/fpu: Supporting XSAVE feature 0x200: 'Protection Keys User registers'
May 29 20:49:00.881534 kernel: x86/fpu: xstate_offset[2]:  576, xstate_sizes[2]:  256
May 29 20:49:00.881537 kernel: x86/fpu: xstate_offset[5]:  832, xstate_sizes[5]:   64
May 29 20:49:00.881539 kernel: x86/fpu: xstate_offset[6]:  896, xstate_sizes[6]:  512
May 29 20:49:00.881541 kernel: x86/fpu: xstate_offset[7]: 1408, xstate_sizes[7]: 1024
May 29 20:49:00.881543 kernel: x86/fpu: xstate_offset[9]: 2432, xstate_sizes[9]:    8
May 29 20:49:00.881546 kernel: x86/fpu: Enabled xstate features 0x2e7, context size is 2440 bytes, using 'compacted' format.
May 29 20:49:00.881548 kernel: Freeing SMP alternatives memory: 40K
May 29 20:49:00.881551 kernel: pid_max: default: 32768 minimum: 301
May 29 20:49:00.881553 kernel: LSM: initializing lsm=lockdown,capability,landlock,yama,integrity,selinux,bpf
May 29 20:49:00.881555 kernel: landlock: Up and running.
May 29 20:49:00.881557 kernel: Yama: becoming mindful.
May 29 20:49:00.881560 kernel: SELinux:  Initializing.
May 29 20:49:00.881562 kernel: LSM support for eBPF active
May 29 20:49:00.881564 kernel: Mount-cache hash table entries: 32768 (order: 6, 262144 bytes, linear)
May 29 20:49:00.881567 kernel: Mountpoint-cache hash table entries: 32768 (order: 6, 262144 bytes, linear)
May 29 20:49:00.881569 kernel: smpboot: CPU0: AMD EPYC 9R45 (family: 0x1a, model: 0x2, stepping: 0x1)
May 29 20:49:00.881571 kernel: Performance Events: Fam17h+ core perfctr, AMD PMU driver.
May 29 20:49:00.881574 kernel: ... version:                2
May 29 20:49:00.881577 kernel: ... bit width:              48
May 29 20:49:00.881579 kernel: ... generic registers:      5
May 29 20:49:00.881581 kernel: ... value mask:             0000ffffffffffff
May 29 20:49:00.881583 kernel: ... max period:             00007fffffffffff
May 29 20:49:00.881586 kernel: ... fixed-purpose events:   0
May 29 20:49:00.881588 kernel: ... event mask:             000000000000001f
May 29 20:49:00.881590 kernel: signal: max sigframe size: 3376
May 29 20:49:00.881592 kernel: rcu: Hierarchical SRCU implementation.
May 29 20:49:00.881595 kernel: rcu:         Max phase no-delay instances is 400.
May 29 20:49:00.881597 kernel: smp: Bringing up secondary CPUs ...
May 29 20:49:00.881599 kernel: smpboot: x86: Booting SMP configuration:
May 29 20:49:00.881602 kernel: .... node  #0, CPUs:      #1 #2 #3
May 29 20:49:00.881604 kernel: smp: Brought up 1 node, 4 CPUs
May 29 20:49:00.881606 kernel: smpboot: Total of 4 processors activated (20799.98 BogoMIPS)
May 29 20:49:00.881609 kernel: node 0 deferred pages initialised in 7ms
May 29 20:49:00.881611 kernel: devtmpfs: initialized
May 29 20:49:00.881613 kernel: x86/mm: Memory block size: 128MB
May 29 20:49:00.881616 kernel: clocksource: jiffies: mask: 0xffffffff max_cycles: 0xffffffff, max_idle_ns: 1911260446275000 ns
May 29 20:49:00.881618 kernel: futex hash table entries: 1024 (order: 4, 65536 bytes, linear)
May 29 20:49:00.881620 kernel: pinctrl core: initialized pinctrl subsystem
May 29 20:49:00.881622 kernel: NET: Registered PF_NETLINK/PF_ROUTE protocol family
May 29 20:49:00.881625 kernel: DMA: preallocated 2048 KiB GFP_KERNEL pool for atomic allocations
May 29 20:49:00.881627 kernel: DMA: preallocated 2048 KiB GFP_KERNEL|GFP_DMA pool for atomic allocations
May 29 20:49:00.881630 kernel: DMA: preallocated 2048 KiB GFP_KERNEL|GFP_DMA32 pool for atomic allocations
May 29 20:49:00.881632 kernel: audit: initializing netlink subsys (disabled)
May 29 20:49:00.881634 kernel: audit: type=2000 audit(1780087738.419:1): state=initialized audit_enabled=0 res=1
May 29 20:49:00.881637 kernel: thermal_sys: Registered thermal governor 'fair_share'
May 29 20:49:00.881639 kernel: thermal_sys: Registered thermal governor 'step_wise'
May 29 20:49:00.881641 kernel: thermal_sys: Registered thermal governor 'user_space'
May 29 20:49:00.881644 kernel: cpuidle: using governor menu
May 29 20:49:00.881646 kernel: acpiphp: ACPI Hot Plug PCI Controller Driver version: 0.5
May 29 20:49:00.881648 kernel: PCI: ECAM [mem 0x440100000-0x4423fffff] (base 0x440000000) for domain 0000 [bus 01-23]
May 29 20:49:00.881650 kernel: PCI: ECAM [mem 0x442400000-0x442bfffff] (base 0x440000000) for domain 0000 [bus 24-2b]
May 29 20:49:00.881653 kernel: PCI: Using configuration type 1 for base access
May 29 20:49:00.881661 kernel: kprobes: kprobe jump-optimization is enabled. All kprobes are optimized if possible.
May 29 20:49:00.881663 kernel: HugeTLB: registered 1.00 GiB page size, pre-allocated 0 pages
May 29 20:49:00.881665 kernel: HugeTLB: 16380 KiB vmemmap can be freed for a 1.00 GiB page
May 29 20:49:00.881667 kernel: HugeTLB: registered 2.00 MiB page size, pre-allocated 0 pages
May 29 20:49:00.881670 kernel: HugeTLB: 28 KiB vmemmap can be freed for a 2.00 MiB page
May 29 20:49:00.881672 kernel: Demotion targets for Node 0: null
May 29 20:49:00.881674 kernel: cryptd: max_cpu_qlen set to 1000
May 29 20:49:00.881676 kernel: ACPI: Added _OSI(Module Device)
May 29 20:49:00.881679 kernel: ACPI: Added _OSI(Processor Device)
May 29 20:49:00.881681 kernel: ACPI: Added _OSI(3.0 _SCP Extensions)
May 29 20:49:00.881683 kernel: ACPI: Added _OSI(Processor Aggregator Device)
May 29 20:49:00.881685 kernel: ACPI: 3 ACPI AML tables successfully acquired and loaded
May 29 20:49:00.881688 kernel: ACPI: _OSC evaluation for CPUs failed, trying _PDC
May 29 20:49:00.881691 kernel: ACPI: Interpreter enabled
May 29 20:49:00.881693 kernel: ACPI: PM: (supports S0 S4 S5)
May 29 20:49:00.881695 kernel: ACPI: Using IOAPIC for interrupt routing
May 29 20:49:00.881697 kernel: PCI: Using host bridge windows from ACPI; if necessary, use "pci=nocrs" and report a bug
May 29 20:49:00.881700 kernel: PCI: Using E820 reservations for host bridge windows
May 29 20:49:00.881702 kernel: ACPI: Enabled 2 GPEs in block 00 to 0F
May 29 20:49:00.881704 kernel: ACPI: PCI Root Bridge [PCI0] (domain 0000 [bus 00])
May 29 20:49:00.881768 kernel: acpi PNP0A03:00: _OSC: OS supports [ExtendedConfig ASPM ClockPM Segments MSI EDR HPX-Type3]
May 29 20:49:00.881795 kernel: acpi PNP0A03:00: fail to add MMCONFIG information, can't access extended configuration space under this bridge
May 29 20:49:00.881799 kernel: acpiphp: Slot [3] registered
May 29 20:49:00.881802 kernel: acpiphp: Slot [4] registered
May 29 20:49:00.881804 kernel: acpiphp: Slot [5] registered
May 29 20:49:00.881806 kernel: acpiphp: Slot [6] registered
May 29 20:49:00.881808 kernel: acpiphp: Slot [7] registered
May 29 20:49:00.881811 kernel: acpiphp: Slot [8] registered
May 29 20:49:00.881813 kernel: acpiphp: Slot [9] registered
May 29 20:49:00.881815 kernel: acpiphp: Slot [10] registered
May 29 20:49:00.881817 kernel: acpiphp: Slot [11] registered
May 29 20:49:00.881819 kernel: acpiphp: Slot [12] registered
May 29 20:49:00.881822 kernel: acpiphp: Slot [13] registered
May 29 20:49:00.881825 kernel: acpiphp: Slot [14] registered
May 29 20:49:00.881827 kernel: acpiphp: Slot [15] registered
May 29 20:49:00.881829 kernel: acpiphp: Slot [16] registered
May 29 20:49:00.881831 kernel: acpiphp: Slot [17] registered
May 29 20:49:00.881833 kernel: acpiphp: Slot [18] registered
May 29 20:49:00.881836 kernel: acpiphp: Slot [19] registered
May 29 20:49:00.881838 kernel: acpiphp: Slot [20] registered
May 29 20:49:00.881840 kernel: acpiphp: Slot [21] registered
May 29 20:49:00.881842 kernel: acpiphp: Slot [22] registered
May 29 20:49:00.881844 kernel: acpiphp: Slot [23] registered
May 29 20:49:00.881846 kernel: acpiphp: Slot [24] registered
May 29 20:49:00.881849 kernel: acpiphp: Slot [25] registered
May 29 20:49:00.881851 kernel: acpiphp: Slot [26] registered
May 29 20:49:00.881854 kernel: acpiphp: Slot [27] registered
May 29 20:49:00.881856 kernel: acpiphp: Slot [28] registered
May 29 20:49:00.881858 kernel: acpiphp: Slot [29] registered
May 29 20:49:00.881860 kernel: acpiphp: Slot [30] registered
May 29 20:49:00.881862 kernel: acpiphp: Slot [31] registered
May 29 20:49:00.881865 kernel: PCI host bridge to bus 0000:00
May 29 20:49:00.881898 kernel: pci_bus 0000:00: root bus resource [io  0x0000-0x0cf7 window]
May 29 20:49:00.881931 kernel: pci_bus 0000:00: root bus resource [io  0x0d00-0xffff window]
May 29 20:49:00.881954 kernel: pci_bus 0000:00: root bus resource [mem 0x000a0000-0x000bffff window]
May 29 20:49:00.881976 kernel: pci_bus 0000:00: root bus resource [mem 0xc0000000-0xc3ffffff window]
May 29 20:49:00.881998 kernel: pci_bus 0000:00: root bus resource [mem 0x480000000-0x481ffffff window]
May 29 20:49:00.882020 kernel: pci_bus 0000:00: root bus resource [bus 00]
May 29 20:49:00.882055 kernel: pci 0000:00:00.0: [8086:1237] type 00 class 0x060000 conventional PCI endpoint
May 29 20:49:00.882088 kernel: pci 0000:00:01.0: [8086:7000] type 00 class 0x060100 conventional PCI endpoint
May 29 20:49:00.882120 kernel: pci 0000:00:01.3: [8086:7113] type 00 class 0x000000 conventional PCI endpoint
May 29 20:49:00.882145 kernel: pci 0000:00:01.3: quirk: [io  0xb000-0xb03f] claimed by PIIX4 ACPI
May 29 20:49:00.882170 kernel: pci 0000:00:01.3: quirk: [io  0xb100-0xb10f] claimed by PIIX4 SMB
May 29 20:49:00.882194 kernel: pci 0000:00:01.3: PIIX4 devres E PIO at fff0-ffff
May 29 20:49:00.882219 kernel: pci 0000:00:01.3: PIIX4 devres F MMIO at ffc00000-ffffffff
May 29 20:49:00.882245 kernel: pci 0000:00:01.3: PIIX4 devres G PIO at fff0-ffff
May 29 20:49:00.882269 kernel: pci 0000:00:01.3: PIIX4 devres H MMIO at ffc00000-ffffffff
May 29 20:49:00.882294 kernel: pci 0000:00:01.3: PIIX4 devres I PIO at fff0-ffff
May 29 20:49:00.882319 kernel: pci 0000:00:01.3: PIIX4 devres J PIO at fff0-ffff
May 29 20:49:00.882343 kernel: pci 0000:00:01.3: quirk_piix4_acpi+0x0/0x170 took 13671 usecs
May 29 20:49:00.882376 kernel: pci 0000:00:03.0: [1d0f:1111] type 00 class 0x030000 conventional PCI endpoint
May 29 20:49:00.882400 kernel: pci 0000:00:03.0: BAR 0 [mem 0xc2000000-0xc23fffff pref]
May 29 20:49:00.882424 kernel: pci 0000:00:03.0: ROM [mem 0xc0000000-0xc000ffff pref]
May 29 20:49:00.882449 kernel: pci 0000:00:03.0: Video device with shadowed ROM at [mem 0x000c0000-0x000dffff]
May 29 20:49:00.882480 kernel: pci 0000:00:04.0: [1d0f:8061] type 00 class 0x010802 PCIe Endpoint
May 29 20:49:00.882505 kernel: pci 0000:00:04.0: BAR 0 [mem 0xc0010000-0xc0013fff]
May 29 20:49:00.882529 kernel: pci 0000:00:04.0: enabling Extended Tags
May 29 20:49:00.882552 kernel: pci_bus 0000:00: on NUMA node 0
May 29 20:49:00.882555 kernel: ACPI: PCI Root Bridge [PC01] (domain 0000 [bus 01-23])
May 29 20:49:00.882585 kernel: acpi PNP0A08:00: _OSC: OS supports [ExtendedConfig ASPM ClockPM Segments MSI EDR HPX-Type3]
May 29 20:49:00.882611 kernel: acpi PNP0A08:00: _OSC: platform does not support [SHPCHotplug AER LTR DPC]
May 29 20:49:00.882635 kernel: acpi PNP0A08:00: _OSC: OS now controls [PCIeHotplug PME PCIeCapability]
May 29 20:49:00.882638 kernel: acpiphp: Slot [32] registered
May 29 20:49:00.882641 kernel: acpiphp: Slot [33] registered
May 29 20:49:00.882643 kernel: acpiphp: Slot [34] registered
May 29 20:49:00.882646 kernel: acpiphp: Slot [35] registered
May 29 20:49:00.882648 kernel: acpiphp: Slot [36] registered
May 29 20:49:00.882650 kernel: acpiphp: Slot [37] registered
May 29 20:49:00.882653 kernel: acpiphp: Slot [38] registered
May 29 20:49:00.882655 kernel: acpiphp: Slot [39] registered
May 29 20:49:00.882657 kernel: acpiphp: Slot [40] registered
May 29 20:49:00.882659 kernel: acpiphp: Slot [41] registered
May 29 20:49:00.882661 kernel: acpiphp: Slot [42] registered
May 29 20:49:00.882664 kernel: acpiphp: Slot [43] registered
May 29 20:49:00.882666 kernel: acpiphp: Slot [44] registered
May 29 20:49:00.882668 kernel: acpiphp: Slot [45] registered
May 29 20:49:00.882671 kernel: acpiphp: Slot [46] registered
May 29 20:49:00.882673 kernel: acpiphp: Slot [47] registered
May 29 20:49:00.882675 kernel: acpiphp: Slot [48] registered
May 29 20:49:00.882678 kernel: acpiphp: Slot [49] registered
May 29 20:49:00.882680 kernel: acpiphp: Slot [50] registered
May 29 20:49:00.882682 kernel: acpiphp: Slot [51] registered
May 29 20:49:00.882684 kernel: acpiphp: Slot [52] registered
May 29 20:49:00.882686 kernel: acpiphp: Slot [53] registered
May 29 20:49:00.882689 kernel: acpiphp: Slot [54] registered
May 29 20:49:00.882691 kernel: acpiphp: Slot [55] registered
May 29 20:49:00.882693 kernel: acpiphp: Slot [56] registered
May 29 20:49:00.882695 kernel: acpiphp: Slot [57] registered
May 29 20:49:00.882698 kernel: acpiphp: Slot [58] registered
May 29 20:49:00.882700 kernel: acpiphp: Slot [59] registered
May 29 20:49:00.882702 kernel: acpiphp: Slot [60] registered
May 29 20:49:00.882705 kernel: acpiphp: Slot [61] registered
May 29 20:49:00.882707 kernel: acpiphp: Slot [62] registered
May 29 20:49:00.882709 kernel: acpiphp: Slot [63] registered
May 29 20:49:00.882711 kernel: PCI host bridge to bus 0000:01
May 29 20:49:00.882740 kernel: pci_bus 0000:01: root bus resource [mem 0xc4000000-0xc82fffff window]
May 29 20:49:00.882763 kernel: pci_bus 0000:01: root bus resource [mem 0x482000000-0x4a1ffffff window]
May 29 20:49:00.882785 kernel: pci_bus 0000:01: root bus resource [bus 01-23]
May 29 20:49:00.882819 kernel: pci 0000:01:00.0: [1d0f:0200] type 01 class 0x060400 PCIe Root Port
May 29 20:49:00.882846 kernel: pci 0000:01:00.0: BAR 0 [mem 0xc4000000-0xc40003ff]
May 29 20:49:00.882871 kernel: pci 0000:01:00.0: PCI bridge to [bus 02-23]
May 29 20:49:00.882896 kernel: pci 0000:01:00.0:   bridge window [mem 0xc4100000-0xc82fffff]
May 29 20:49:00.882930 kernel: pci 0000:01:00.0:   bridge window [mem 0x482000000-0x4a1ffffff 64bit pref]
May 29 20:49:00.882962 kernel: pci 0000:02:00.0: [1d0f:0200] type 01 class 0x060400 PCIe Switch Upstream Port
May 29 20:49:00.882989 kernel: pci 0000:02:00.0: BAR 0 [mem 0xc4100000-0xc41003ff]
May 29 20:49:00.883015 kernel: pci 0000:02:00.0: PCI bridge to [bus 03-23]
May 29 20:49:00.883041 kernel: pci 0000:02:00.0:   bridge window [mem 0xc4200000-0xc82fffff]
May 29 20:49:00.883070 kernel: pci 0000:02:00.0:   bridge window [mem 0x482000000-0x4a1ffffff 64bit pref]
May 29 20:49:00.883097 kernel: pci 0000:01:00.0: PCI bridge to [bus 02-23]
May 29 20:49:00.883133 kernel: pci 0000:03:00.0: [1d0f:0200] type 01 class 0x060400 PCIe Switch Downstream Port
May 29 20:49:00.883161 kernel: pci 0000:03:00.0: BAR 0 [mem 0xc4200000-0xc42003ff]
May 29 20:49:00.883189 kernel: pci 0000:03:00.0: PCI bridge to [bus 04]
May 29 20:49:00.883217 kernel: pci 0000:03:00.0:   bridge window [mem 0xc4300000-0xc44fffff]
May 29 20:49:00.883245 kernel: pci 0000:03:00.0:   bridge window [mem 0x482000000-0x482ffffff 64bit pref]
May 29 20:49:00.883283 kernel: pci 0000:03:00.1: [1d0f:0200] type 01 class 0x060400 PCIe Switch Downstream Port
May 29 20:49:00.883313 kernel: pci 0000:03:00.1: BAR 0 [mem 0xc4200400-0xc42007ff]
May 29 20:49:00.883341 kernel: pci 0000:03:00.1: PCI bridge to [bus 05]
May 29 20:49:00.883368 kernel: pci 0000:03:00.1:   bridge window [mem 0xc4500000-0xc46fffff]
May 29 20:49:00.883395 kernel: pci 0000:03:00.1:   bridge window [mem 0x483000000-0x483ffffff 64bit pref]
May 29 20:49:00.883429 kernel: pci 0000:03:00.2: [1d0f:0200] type 01 class 0x060400 PCIe Switch Downstream Port
May 29 20:49:00.883456 kernel: pci 0000:03:00.2: BAR 0 [mem 0xc4200800-0xc4200bff]
May 29 20:49:00.883485 kernel: pci 0000:03:00.2: PCI bridge to [bus 06]
May 29 20:49:00.883512 kernel: pci 0000:03:00.2:   bridge window [mem 0xc4700000-0xc48fffff]
May 29 20:49:00.883539 kernel: pci 0000:03:00.2:   bridge window [mem 0x484000000-0x484ffffff 64bit pref]
May 29 20:49:00.883573 kernel: pci 0000:03:00.3: [1d0f:0200] type 01 class 0x060400 PCIe Switch Downstream Port
May 29 20:49:00.883602 kernel: pci 0000:03:00.3: BAR 0 [mem 0xc4200c00-0xc4200fff]
May 29 20:49:00.883629 kernel: pci 0000:03:00.3: PCI bridge to [bus 07]
May 29 20:49:00.883656 kernel: pci 0000:03:00.3:   bridge window [mem 0xc4900000-0xc4afffff]
May 29 20:49:00.883683 kernel: pci 0000:03:00.3:   bridge window [mem 0x485000000-0x485ffffff 64bit pref]
May 29 20:49:00.883718 kernel: pci 0000:03:00.4: [1d0f:0200] type 01 class 0x060400 PCIe Switch Downstream Port
May 29 20:49:00.883746 kernel: pci 0000:03:00.4: BAR 0 [mem 0xc4201000-0xc42013ff]
May 29 20:49:00.883774 kernel: pci 0000:03:00.4: PCI bridge to [bus 08]
May 29 20:49:00.883802 kernel: pci 0000:03:00.4:   bridge window [mem 0xc4b00000-0xc4cfffff]
May 29 20:49:00.883831 kernel: pci 0000:03:00.4:   bridge window [mem 0x486000000-0x486ffffff 64bit pref]
May 29 20:49:00.883864 kernel: pci 0000:03:00.5: [1d0f:0200] type 01 class 0x060400 PCIe Switch Downstream Port
May 29 20:49:00.883892 kernel: pci 0000:03:00.5: BAR 0 [mem 0xc4201400-0xc42017ff]
May 29 20:49:00.883930 kernel: pci 0000:03:00.5: PCI bridge to [bus 09]
May 29 20:49:00.883958 kernel: pci 0000:03:00.5:   bridge window [mem 0xc4d00000-0xc4efffff]
May 29 20:49:00.883985 kernel: pci 0000:03:00.5:   bridge window [mem 0x487000000-0x487ffffff 64bit pref]
May 29 20:49:00.884020 kernel: pci 0000:03:00.6: [1d0f:0200] type 01 class 0x060400 PCIe Switch Downstream Port
May 29 20:49:00.884048 kernel: pci 0000:03:00.6: BAR 0 [mem 0xc4201800-0xc4201bff]
May 29 20:49:00.884075 kernel: pci 0000:03:00.6: PCI bridge to [bus 0a]
May 29 20:49:00.884102 kernel: pci 0000:03:00.6:   bridge window [mem 0xc4f00000-0xc50fffff]
May 29 20:49:00.884129 kernel: pci 0000:03:00.6:   bridge window [mem 0x488000000-0x488ffffff 64bit pref]
May 29 20:49:00.884163 kernel: pci 0000:03:00.7: [1d0f:0200] type 01 class 0x060400 PCIe Switch Downstream Port
May 29 20:49:00.884190 kernel: pci 0000:03:00.7: BAR 0 [mem 0xc4201c00-0xc4201fff]
May 29 20:49:00.884217 kernel: pci 0000:03:00.7: PCI bridge to [bus 0b]
May 29 20:49:00.884244 kernel: pci 0000:03:00.7:   bridge window [mem 0xc5100000-0xc52fffff]
May 29 20:49:00.884272 kernel: pci 0000:03:00.7:   bridge window [mem 0x489000000-0x489ffffff 64bit pref]
May 29 20:49:00.884306 kernel: pci 0000:03:01.0: [1d0f:0200] type 01 class 0x060400 PCIe Switch Downstream Port
May 29 20:49:00.884333 kernel: pci 0000:03:01.0: BAR 0 [mem 0xc4202000-0xc42023ff]
May 29 20:49:00.884360 kernel: pci 0000:03:01.0: PCI bridge to [bus 0c]
May 29 20:49:00.884388 kernel: pci 0000:03:01.0:   bridge window [mem 0xc5300000-0xc54fffff]
May 29 20:49:00.884416 kernel: pci 0000:03:01.0:   bridge window [mem 0x48a000000-0x48affffff 64bit pref]
May 29 20:49:00.884448 kernel: pci 0000:03:01.1: [1d0f:0200] type 01 class 0x060400 PCIe Switch Downstream Port
May 29 20:49:00.884476 kernel: pci 0000:03:01.1: BAR 0 [mem 0xc4202400-0xc42027ff]
May 29 20:49:00.884504 kernel: pci 0000:03:01.1: PCI bridge to [bus 0d]
May 29 20:49:00.884531 kernel: pci 0000:03:01.1:   bridge window [mem 0xc5500000-0xc56fffff]
May 29 20:49:00.884558 kernel: pci 0000:03:01.1:   bridge window [mem 0x48b000000-0x48bffffff 64bit pref]
May 29 20:49:00.884590 kernel: pci 0000:03:01.2: [1d0f:0200] type 01 class 0x060400 PCIe Switch Downstream Port
May 29 20:49:00.884618 kernel: pci 0000:03:01.2: BAR 0 [mem 0xc4202800-0xc4202bff]
May 29 20:49:00.884645 kernel: pci 0000:03:01.2: PCI bridge to [bus 0e]
May 29 20:49:00.884673 kernel: pci 0000:03:01.2:   bridge window [mem 0xc5700000-0xc58fffff]
May 29 20:49:00.884700 kernel: pci 0000:03:01.2:   bridge window [mem 0x48c000000-0x48cffffff 64bit pref]
May 29 20:49:00.884733 kernel: pci 0000:03:01.3: [1d0f:0200] type 01 class 0x060400 PCIe Switch Downstream Port
May 29 20:49:00.884761 kernel: pci 0000:03:01.3: BAR 0 [mem 0xc4202c00-0xc4202fff]
May 29 20:49:00.884788 kernel: pci 0000:03:01.3: PCI bridge to [bus 0f]
May 29 20:49:00.884816 kernel: pci 0000:03:01.3:   bridge window [mem 0xc5900000-0xc5afffff]
May 29 20:49:00.884843 kernel: pci 0000:03:01.3:   bridge window [mem 0x48d000000-0x48dffffff 64bit pref]
May 29 20:49:00.884878 kernel: pci 0000:03:01.4: [1d0f:0200] type 01 class 0x060400 PCIe Switch Downstream Port
May 29 20:49:00.884916 kernel: pci 0000:03:01.4: BAR 0 [mem 0xc4203000-0xc42033ff]
May 29 20:49:00.884943 kernel: pci 0000:03:01.4: PCI bridge to [bus 10]
May 29 20:49:00.884970 kernel: pci 0000:03:01.4:   bridge window [mem 0xc5b00000-0xc5cfffff]
May 29 20:49:00.884996 kernel: pci 0000:03:01.4:   bridge window [mem 0x48e000000-0x48effffff 64bit pref]
May 29 20:49:00.885029 kernel: pci 0000:03:01.5: [1d0f:0200] type 01 class 0x060400 PCIe Switch Downstream Port
May 29 20:49:00.885057 kernel: pci 0000:03:01.5: BAR 0 [mem 0xc4203400-0xc42037ff]
May 29 20:49:00.885085 kernel: pci 0000:03:01.5: PCI bridge to [bus 11]
May 29 20:49:00.885112 kernel: pci 0000:03:01.5:   bridge window [mem 0xc5d00000-0xc5efffff]
May 29 20:49:00.885139 kernel: pci 0000:03:01.5:   bridge window [mem 0x48f000000-0x48fffffff 64bit pref]
May 29 20:49:00.885171 kernel: pci 0000:03:01.6: [1d0f:0200] type 01 class 0x060400 PCIe Switch Downstream Port
May 29 20:49:00.885198 kernel: pci 0000:03:01.6: BAR 0 [mem 0xc4203800-0xc4203bff]
May 29 20:49:00.885227 kernel: pci 0000:03:01.6: PCI bridge to [bus 12]
May 29 20:49:00.885254 kernel: pci 0000:03:01.6:   bridge window [mem 0xc5f00000-0xc60fffff]
May 29 20:49:00.885281 kernel: pci 0000:03:01.6:   bridge window [mem 0x490000000-0x490ffffff 64bit pref]
May 29 20:49:00.885314 kernel: pci 0000:03:01.7: [1d0f:0200] type 01 class 0x060400 PCIe Switch Downstream Port
May 29 20:49:00.885341 kernel: pci 0000:03:01.7: BAR 0 [mem 0xc4203c00-0xc4203fff]
May 29 20:49:00.885368 kernel: pci 0000:03:01.7: PCI bridge to [bus 13]
May 29 20:49:00.885395 kernel: pci 0000:03:01.7:   bridge window [mem 0xc6100000-0xc62fffff]
May 29 20:49:00.885423 kernel: pci 0000:03:01.7:   bridge window [mem 0x491000000-0x491ffffff 64bit pref]
May 29 20:49:00.885456 kernel: pci 0000:03:02.0: [1d0f:0200] type 01 class 0x060400 PCIe Switch Downstream Port
May 29 20:49:00.885484 kernel: pci 0000:03:02.0: BAR 0 [mem 0xc4204000-0xc42043ff]
May 29 20:49:00.885512 kernel: pci 0000:03:02.0: PCI bridge to [bus 14]
May 29 20:49:00.885539 kernel: pci 0000:03:02.0:   bridge window [mem 0xc6300000-0xc64fffff]
May 29 20:49:00.885568 kernel: pci 0000:03:02.0:   bridge window [mem 0x492000000-0x492ffffff 64bit pref]
May 29 20:49:00.885601 kernel: pci 0000:03:02.1: [1d0f:0200] type 01 class 0x060400 PCIe Switch Downstream Port
May 29 20:49:00.885628 kernel: pci 0000:03:02.1: BAR 0 [mem 0xc4204400-0xc42047ff]
May 29 20:49:00.885659 kernel: pci 0000:03:02.1: PCI bridge to [bus 15]
May 29 20:49:00.885686 kernel: pci 0000:03:02.1:   bridge window [mem 0xc6500000-0xc66fffff]
May 29 20:49:00.885715 kernel: pci 0000:03:02.1:   bridge window [mem 0x493000000-0x493ffffff 64bit pref]
May 29 20:49:00.885750 kernel: pci 0000:03:02.2: [1d0f:0200] type 01 class 0x060400 PCIe Switch Downstream Port
May 29 20:49:00.885777 kernel: pci 0000:03:02.2: BAR 0 [mem 0xc4204800-0xc4204bff]
May 29 20:49:00.885805 kernel: pci 0000:03:02.2: PCI bridge to [bus 16]
May 29 20:49:00.885833 kernel: pci 0000:03:02.2:   bridge window [mem 0xc6700000-0xc68fffff]
May 29 20:49:00.885860 kernel: pci 0000:03:02.2:   bridge window [mem 0x494000000-0x494ffffff 64bit pref]
May 29 20:49:00.885891 kernel: pci 0000:03:02.3: [1d0f:0200] type 01 class 0x060400 PCIe Switch Downstream Port
May 29 20:49:00.885930 kernel: pci 0000:03:02.3: BAR 0 [mem 0xc4204c00-0xc4204fff]
May 29 20:49:00.885957 kernel: pci 0000:03:02.3: PCI bridge to [bus 17]
May 29 20:49:00.885986 kernel: pci 0000:03:02.3:   bridge window [mem 0xc6900000-0xc6afffff]
May 29 20:49:00.886013 kernel: pci 0000:03:02.3:   bridge window [mem 0x495000000-0x495ffffff 64bit pref]
May 29 20:49:00.886046 kernel: pci 0000:03:02.4: [1d0f:0200] type 01 class 0x060400 PCIe Switch Downstream Port
May 29 20:49:00.886073 kernel: pci 0000:03:02.4: BAR 0 [mem 0xc4205000-0xc42053ff]
May 29 20:49:00.886101 kernel: pci 0000:03:02.4: PCI bridge to [bus 18]
